#Layer_Color=32768
#
#Feature symbol names
#
$0 r3.937
$1 r5

#
#Feature attribute names
#

#
#Layer features
#
A 0.9744094 1.6692912 0.9822834 1.6771653 0.9744093 1.6771653 0 P 0 N
A 0.9822836 1.5511811 0.9744095 1.5590551 0.9744095 1.551181 0 P 0 N
A 1.0255904 1.6771653 1.0334645 1.6692913 1.0334645 1.6771654 0 P 0 N
A 1.0334646 1.5590552 1.0255906 1.5511811 1.0334647 1.5511811 0 P 0 N
L 0.9576766 1.69685 0.9576766 1.73622 0 P 0
L 0.9576766 1.69685 1.0501966 1.69685 0 P 0
L 0.9576766 1.73622 1.0501966 1.73622 0 P 0
L 0.9586609 1.4891729 0.9586609 1.5285429 0 P 0
L 0.9586609 1.4891729 1.0511809 1.4891729 0 P 0
L 0.9586609 1.5285429 1.0511809 1.5285429 0 P 0
L 0.9744094 1.5590551 0.9744094 1.6692913 0 P 0
L 0.9822834 1.5511811 1.0255906 1.5511811 0 P 0
L 0.9822834 1.6771653 1.0255906 1.6771653 0 P 0
L 0.9862206 1.716536 1.0216526 1.716536 0 P 0
L 0.9872049 1.5088589 1.0226369 1.5088589 0 P 0
L 1.0039366 1.698818 1.0039366 1.734252 0 P 0
L 1.0049209 1.4911409 1.0049209 1.5265749 0 P 0
L 1.0334646 1.5590551 1.0334646 1.6692913 0 P 0
L 1.044291 1.3710632 1.044291 1.4635832 0 P 0
L 1.044291 1.3710632 1.083661 1.3710632 0 P 0
L 1.044291 1.4635832 1.083661 1.4635832 0 P 0
L 1.046259 1.4173232 1.081693 1.4173232 0 P 0
L 1.0501966 1.69685 1.0501966 1.73622 0 P 0
L 1.0511809 1.4891729 1.0511809 1.5285429 0 P 0
L 1.063977 1.3996072 1.063977 1.4350392 0 P 0
L 1.083661 1.3710632 1.083661 1.4635832 0 P 0
L 1.1141727 1.4734248 1.1141727 1.5127948 0 P 0
L 1.1141727 1.4734248 1.2066927 1.4734248 0 P 0
L 1.1141727 1.5127948 1.2066927 1.5127948 0 P 0
L 1.1427167 1.4931108 1.1781487 1.4931108 0 P 0
L 1.1604327 1.4753928 1.1604327 1.5108268 0 P 0
L 1.2066927 1.4734248 1.2066927 1.5127948 0 P 0
L 1.406378 1.8250787 1.406378 1.9150787 1 P 0
L 1.406378 1.8250787 1.546378 1.8250787 1 P 0
L 1.406378 1.9150787 1.546378 1.9150787 1 P 0
L 1.4417326 1.4320865 1.4417326 1.7155505 0 P 0
L 1.4417326 1.4320865 1.7251966 1.4320865 0 P 0
L 1.4417326 1.7155505 1.7251966 1.7155505 0 P 0
L 1.471378 1.8700787 1.481378 1.8700787 1 P 0
L 1.476378 1.8650787 1.476378 1.8750787 1 P 0
L 1.546378 1.8250787 1.546378 1.9150787 1 P 0
L 1.5637786 1.5738185 1.6031486 1.5738185 0 P 0
L 1.5638583 1.8250787 1.5638583 1.9150787 1 P 0
L 1.5638583 1.8250787 1.7038583 1.8250787 1 P 0
L 1.5638583 1.9150787 1.7038583 1.9150787 1 P 0
L 1.5834646 1.5541345 1.5834646 1.5935045 0 P 0
L 1.6288583 1.8700787 1.6388583 1.8700787 1 P 0
L 1.6338583 1.8650787 1.6338583 1.8750787 1 P 0
L 1.7038583 1.8250787 1.7038583 1.9150787 1 P 0
L 1.7251966 1.4320865 1.7251966 1.7155505 0 P 0
L 1.9825591 1.3866929 1.9825591 1.5266929 1 P 0
L 1.9825591 1.3866929 2.0725591 1.3866929 1 P 0
L 1.9825591 1.5266929 2.0725591 1.5266929 1 P 0
L 1.9825591 1.5441732 1.9825591 1.6841732 1 P 0
L 1.9825591 1.5441732 2.0725591 1.5441732 1 P 0
L 1.9825591 1.6841732 2.0725591 1.6841732 1 P 0
L 2.0225591 1.4566929 2.0325591 1.4566929 1 P 0
L 2.0225591 1.6141732 2.0325591 1.6141732 1 P 0
L 2.0275591 1.4516929 2.0275591 1.4616929 1 P 0
L 2.0275591 1.6091732 2.0275591 1.6191732 1 P 0
L 2.0725591 1.3866929 2.0725591 1.5266929 1 P 0
L 2.0725591 1.5441732 2.0725591 1.6841732 1 P 0
L 2.4232282 3.031496 2.4232282 3.2165353 0 P 0
L 2.4232282 3.031496 2.6082675 3.031496 0 P 0
L 2.4232282 3.2165353 2.6082675 3.2165353 0 P 0
L 2.4960628 3.1240156 2.5354329 3.1240156 0 P 0
L 2.5157479 3.1043306 2.5157479 3.1437007 0 P 0
L 2.6082675 3.031496 2.6082675 3.2165353 0 P 0
L 3.1820867 2.0669292 3.1820867 2.1850395 0 P 0
L 3.1820867 2.0669292 3.3927166 2.0669292 0 P 0
L 3.1820867 2.1850395 3.3927166 2.1850395 0 P 0
L 3.1820867 2.4409449 3.1820867 2.5590552 0 P 0
L 3.1820867 2.4409449 3.3927166 2.4409449 0 P 0
L 3.1820867 2.5590552 3.3927166 2.5590552 0 P 0
L 3.2677166 2.1259843 3.3070867 2.1259843 0 P 0
L 3.2677166 2.5 3.3070867 2.5 0 P 0
L 3.2874016 2.1062993 3.2874016 2.1456694 0 P 0
L 3.2874016 2.480315 3.2874016 2.5196851 0 P 0
L 3.3927166 2.0669292 3.3927166 2.1850395 0 P 0
L 3.3927166 2.4409449 3.3927166 2.5590552 0 P 0
