#Layer_Color=16711935
#
#Feature symbol names
#
$0 r10
$1 r3.937
$2 r7.874
$3 r5
$4 rect62.9922x15.748

#
#Feature attribute names
#

#
#Layer features
#
A 1.4637402 0.9744094 1.4637402 0.9744094 1.3287402 0.9744094 0 P 0 N
A 1.5224408 1.6545276 1.5224408 1.6545276 1.5027558 1.6545276 1 P 0 N
A 2.0808661 3.1466535 2.0808661 3.1466535 1.9458661 3.1466535 0 P 0 N
A 2.4921258 3.1673227 2.4921258 3.1673227 2.4724408 3.1673227 1 P 0 N
A 4.2787008 2.3425197 4.2787008 2.3425197 4.1437008 2.3425197 0 P 0 N
L 0.9704726 1.698818 0.9704726 1.734252 1 P 0
L 0.9704726 1.698818 1.0374026 1.698818 1 P 0
L 0.9704726 1.734252 1.0374026 1.734252 1 P 0
L 0.9714569 1.4911409 0.9714569 1.5265749 1 P 0
L 0.9714569 1.4911409 1.0383869 1.4911409 1 P 0
L 0.9714569 1.5265749 1.0383869 1.5265749 1 P 0
L 1.0374026 1.698818 1.0374026 1.734252 1 P 0
L 1.0383869 1.4911409 1.0383869 1.5265749 1 P 0
L 1.046259 1.3838572 1.046259 1.4507872 1 P 0
L 1.046259 1.3838572 1.081693 1.3838572 1 P 0
L 1.046259 1.4507872 1.081693 1.4507872 1 P 0
L 1.081693 1.3838572 1.081693 1.4507872 1 P 0
L 1.1269687 1.4753928 1.1269687 1.5108268 1 P 0
L 1.1269687 1.4753928 1.1938987 1.4753928 1 P 0
L 1.1269687 1.5108268 1.1938987 1.5108268 1 P 0
L 1.1358268 1.5521654 1.1358268 1.6210631 1 P 0
L 1.1358268 1.5521654 1.1732284 1.5521654 1 P 0
L 1.1358268 1.6210631 1.1732284 1.6210631 1 P 0
L 1.1732284 1.5521654 1.1732284 1.6210631 1 P 0
L 1.1870079 1.5521654 1.1870079 1.6210631 1 P 0
L 1.1870079 1.5521654 1.2244095 1.5521654 1 P 0
L 1.1870079 1.6210631 1.2244095 1.6210631 1 P 0
L 1.1938987 1.4753928 1.1938987 1.5108268 1 P 0
L 1.2244095 1.5521654 1.2244095 1.6210631 1 P 0
L 1.2834646 1.5135827 1.2834646 1.551378 1 P 0
L 1.2834646 1.5135827 1.3523623 1.5135827 1 P 0
L 1.2834646 1.551378 1.3523623 1.551378 1 P 0
L 1.3435039 1.9694882 1.3435039 2.0068898 1 P 0
L 1.3435039 1.9694882 1.4124016 1.9694882 1 P 0
L 1.3435039 2.0068898 1.4124016 2.0068898 1 P 0
L 1.3435039 2.0246063 1.3435039 2.0620079 1 P 0
L 1.3435039 2.0246063 1.4124016 2.0246063 1 P 0
L 1.3435039 2.0620079 1.4124016 2.0620079 1 P 0
L 1.3435039 2.0836614 1.3435039 2.121063 1 P 0
L 1.3435039 2.0836614 1.4124016 2.0836614 1 P 0
L 1.3435039 2.121063 1.4124016 2.121063 1 P 0
L 1.3523623 1.5135827 1.3523623 1.551378 1 P 0
L 1.3856298 1.3887795 1.3856298 1.4576772 1 P 0
L 1.3856298 1.3887795 1.4234251 1.3887795 1 P 0
L 1.3856298 1.4576772 1.4234251 1.4576772 1 P 0
L 1.4124016 1.9694882 1.4124016 2.0068898 1 P 0
L 1.4124016 2.0246063 1.4124016 2.0620079 1 P 0
L 1.4124016 2.0836614 1.4124016 2.121063 1 P 0
L 1.4133892 1.8385779 1.4133892 1.9015731 3 P 0
L 1.4133892 1.8385779 1.5393732 1.8385779 3 P 0
L 1.4133892 1.9015731 1.5393732 1.9015731 3 P 0
L 1.4234251 1.3887795 1.4234251 1.4576772 1 P 0
L 1.4653546 1.4557085 1.4653546 1.6919285 1 P 0
L 1.4653546 1.4557085 1.7015746 1.4557085 1 P 0
L 1.4653546 1.6919285 1.7015746 1.6919285 1 P 0
L 1.5377952 1.2297244 1.5377952 1.2986221 1 P 0
L 1.5377952 1.2297244 1.5755905 1.2297244 1 P 0
L 1.5377952 1.2986221 1.5755905 1.2986221 1 P 0
L 1.5379921 1.1297243 1.5379921 1.198622 1 P 0
L 1.5379921 1.1297243 1.5753937 1.1297243 1 P 0
L 1.5379921 1.198622 1.5753937 1.198622 1 P 0
L 1.5393732 1.8385779 1.5393732 1.9015731 3 P 0
L 1.5708695 1.8385779 1.5708695 1.9015731 3 P 0
L 1.5708695 1.8385779 1.6968535 1.8385779 3 P 0
L 1.5708695 1.9015731 1.6968535 1.9015731 3 P 0
L 1.5753937 1.1297243 1.5753937 1.198622 1 P 0
L 1.5755905 1.2297244 1.5755905 1.2986221 1 P 0
L 1.598425 1.1958661 1.598425 1.2332677 1 P 0
L 1.598425 1.1958661 1.6673227 1.1958661 1 P 0
L 1.598425 1.2332677 1.6673227 1.2332677 1 P 0
L 1.6572833 1.3277559 1.6572833 1.3966536 1 P 0
L 1.6572833 1.3277559 1.6950786 1.3277559 1 P 0
L 1.6572833 1.3966536 1.6950786 1.3966536 1 P 0
L 1.6673227 1.1958661 1.6673227 1.2332677 1 P 0
L 1.6950786 1.3277559 1.6950786 1.3966536 1 P 0
L 1.6968535 1.8385779 1.6968535 1.9015731 3 P 0
L 1.7015746 1.4557085 1.7015746 1.6919285 1 P 0
L 1.7163384 1.3277559 1.7163384 1.3966536 1 P 0
L 1.7163384 1.3277559 1.7541337 1.3277559 1 P 0
L 1.7163384 1.3966536 1.7541337 1.3966536 1 P 0
L 1.7330708 1.6978347 1.7330708 1.7667324 1 P 0
L 1.7330708 1.6978347 1.7708661 1.6978347 1 P 0
L 1.7330708 1.7667324 1.7708661 1.7667324 1 P 0
L 1.7541337 1.3277559 1.7541337 1.3966536 1 P 0
L 1.7708661 1.6978347 1.7708661 1.7667324 1 P 0
L 1.7724409 1.4025591 1.7724409 1.4714568 1 P 0
L 1.7724409 1.4025591 1.8102362 1.4025591 1 P 0
L 1.7724409 1.4714568 1.8102362 1.4714568 1 P 0
L 1.8102362 1.4025591 1.8102362 1.4714568 1 P 0
L 1.9960583 1.3936977 1.9960583 1.5196817 3 P 0
L 1.9960583 1.3936977 2.0590535 1.3936977 3 P 0
L 1.9960583 1.5196817 2.0590535 1.5196817 3 P 0
L 1.9960583 1.551178 1.9960583 1.677162 3 P 0
L 1.9960583 1.551178 2.0590535 1.551178 3 P 0
L 1.9960583 1.677162 2.0590535 1.677162 3 P 0
L 2.0590535 1.3936977 2.0590535 1.5196817 3 P 0
L 2.0590535 1.551178 2.0590535 1.677162 3 P 0
L 2.2450788 2.8297242 2.2450788 2.8671258 1 P 0
L 2.2450788 2.8297242 2.3139765 2.8297242 1 P 0
L 2.2450788 2.8671258 2.3139765 2.8671258 1 P 0
L 2.2450788 2.9084643 2.2450788 2.9458659 1 P 0
L 2.2450788 2.9084643 2.3139765 2.9084643 1 P 0
L 2.2450788 2.9458659 2.3139765 2.9458659 1 P 0
L 2.3139765 2.8297242 2.3139765 2.8671258 1 P 0
L 2.3139765 2.9084643 2.3139765 2.9458659 1 P 0
L 2.3858267 3.4635825 2.3858267 3.6338581 3 P 0
L 2.3858267 3.4635825 2.6830708 3.4635825 3 P 0
L 2.4192912 3.3061021 2.4192912 3.3749998 1 P 0
L 2.4192912 3.3061021 2.5334644 3.3061021 1 P 0
L 2.4192912 3.3749998 2.5334644 3.3749998 1 P 0
L 2.4340551 2.9830707 2.4340551 3.020866 1 P 0
L 2.4340551 2.9830707 2.5029528 2.9830707 1 P 0
L 2.4340551 3.020866 2.5029528 3.020866 1 P 0
L 2.4350392 3.043307 2.4350392 3.2047243 1 P 0
L 2.4350392 3.043307 2.5964565 3.043307 1 P 0
L 2.4350392 3.2047243 2.5964565 3.2047243 1 P 0
L 2.5029527 2.8533464 2.5029527 2.890748 1 P 0
L 2.5029527 2.8533464 2.5718504 2.8533464 1 P 0
L 2.5029527 2.890748 2.5718504 2.890748 1 P 0
L 2.5029528 2.9005904 2.5029528 2.937992 1 P 0
L 2.5029528 2.9005904 2.5718505 2.9005904 1 P 0
L 2.5029528 2.937992 2.5718505 2.937992 1 P 0
L 2.5029528 2.9830707 2.5029528 3.020866 1 P 0
L 2.5255905 2.5944882 2.5255905 2.7047244 2 P 0
L 2.5255905 2.5944882 2.5885827 2.5944882 2 P 0
L 2.5255905 2.7047244 2.5885827 2.7047244 2 P 0
L 2.5334644 3.3061021 2.5334644 3.3749998 1 P 0
L 2.5718504 2.8533464 2.5718504 2.890748 1 P 0
L 2.5718505 2.9005904 2.5718505 2.937992 1 P 0
L 2.5755905 3.3061021 2.5755905 3.3749998 1 P 0
L 2.5755905 3.3061021 2.6133858 3.3061021 1 P 0
L 2.5755905 3.3749998 2.6133858 3.3749998 1 P 0
L 2.5885827 2.5944882 2.5885827 2.7047244 2 P 0
L 2.5964565 3.043307 2.5964565 3.2047243 1 P 0
L 2.6133858 3.3061021 2.6133858 3.3749998 1 P 0
L 2.6543307 3.0383856 2.6543307 3.1072833 1 P 0
L 2.6543307 3.0383856 2.692126 3.0383856 1 P 0
L 2.6543307 3.1072833 2.692126 3.1072833 1 P 0
L 2.6545275 3.1486219 2.6545275 3.2175196 1 P 0
L 2.6545275 3.1486219 2.6919291 3.1486219 1 P 0
L 2.6545275 3.2175196 2.6919291 3.2175196 1 P 0
L 2.6830708 3.4635825 2.6830708 3.6338581 3 P 0
L 2.6919291 3.1486219 2.6919291 3.2175196 1 P 0
L 2.692126 3.0383856 2.692126 3.1072833 1 P 0
L 3.2135827 2.0718505 3.2135827 2.1801182 1 P 0
L 3.2135827 2.0718505 3.3612205 2.0718505 1 P 0
L 3.2135827 2.1801182 3.3612205 2.1801182 1 P 0
L 3.2135827 2.4458662 3.2135827 2.5541339 1 P 0
L 3.2135827 2.4458662 3.3612205 2.4458662 1 P 0
L 3.2135827 2.5541339 3.3612205 2.5541339 1 P 0
L 3.2332676 2.2844488 3.2332676 2.3218504 1 P 0
L 3.2332676 2.2844488 3.3021653 2.2844488 1 P 0
L 3.2332676 2.3218504 3.3021653 2.3218504 1 P 0
L 3.2332676 2.3435039 3.2332676 2.3809055 1 P 0
L 3.2332676 2.3435039 3.3021653 2.3435039 1 P 0
L 3.2332676 2.3809055 3.3021653 2.3809055 1 P 0
L 3.3021653 2.2844488 3.3021653 2.3218504 1 P 0
L 3.3021653 2.3435039 3.3021653 2.3809055 1 P 0
L 3.3612205 2.0718505 3.3612205 2.1801182 1 P 0
L 3.3612205 2.4458662 3.3612205 2.5541339 1 P 0
L 3.5413386 2.2222441 3.5413386 2.2600394 1 P 0
L 3.5413386 2.2222441 3.6102363 2.2222441 1 P 0
L 3.5413386 2.2600394 3.6102363 2.2600394 1 P 0
L 3.5462599 2.4496063 3.5462599 2.4874016 1 P 0
L 3.5462599 2.4496063 3.6151576 2.4496063 1 P 0
L 3.5462599 2.4874016 3.6151576 2.4874016 1 P 0
L 3.6102363 2.2222441 3.6102363 2.2600394 1 P 0
L 3.6151576 2.4496063 3.6151576 2.4874016 1 P 0
P 2.5570852 2.6023857 4 P 0 0
