#Layer_Color=16711935
#
#Feature symbol names
#
$0 r8
$1 r9.8425

#
#Feature attribute names
#

#
#Layer features
#
L -0.2 -0.2 -0.2 3.8 0 P 0
L -0.2 -0.2 4.8 -0.2 0 P 0
L -0.2 3.8 4.8 3.8 0 P 0
L 0.3385825 1.9014014 0.3385825 2.0907432 1 P 0
L 0.3385825 1.9014014 0.540382 1.9014014 1 P 0
L 0.3385825 2.0907432 0.598039 2.0907432 1 P 0
L 0.540382 1.8202549 0.540382 1.9014014 1 P 0
L 0.540382 1.8202549 0.5692105 1.8202549 1 P 0
L 0.5692105 1.8202549 0.7710101 1.8202549 1 P 0
L 0.598039 1.9825478 0.598039 2.0907432 1 P 0
L 0.598039 1.9825478 0.7133531 1.9825478 1 P 0
L 0.7133531 1.9825478 0.7133531 2.0636943 1 P 0
L 0.7133531 2.0636943 1.0592951 2.0636943 1 P 0
L 0.7710101 1.7120595 0.7710101 1.8202549 1 P 0
L 0.7710101 1.7120595 0.8574956 1.7120595 1 P 0
L 0.8574956 1.5768154 0.8574956 1.7120595 1 P 0
L 0.8574956 1.5768154 0.8863241 1.5768154 1 P 0
L 0.8863241 1.4415712 0.8863241 1.5768154 1 P 0
L 0.8863241 1.4415712 0.9439811 1.4415712 1 P 0
L 0.9439811 1.3333759 0.9439811 1.4415712 1 P 0
L 0.9439811 1.3333759 1.0304666 1.3333759 1 P 0
L 1.0304666 1.3063271 1.0304666 1.3333759 1 P 0
L 1.0304666 1.3063271 1.4628942 1.3063271 1 P 0
L 1.0592951 2.0636943 1.0592951 2.1989385 1 P 0
L 1.0592951 2.1989385 1.4628942 2.1989385 1 P 0
L 1.1169521 0.9276434 1.1169521 1.0899364 1 P 0
L 1.1169521 0.9276434 1.1746092 0.9276434 1 P 0
L 1.1169521 1.0899364 1.1746092 1.0899364 1 P 0
L 1.1746092 0.8194481 1.1746092 0.9276434 1 P 0
L 1.1746092 0.8194481 1.2610947 0.8194481 1 P 0
L 1.1746092 1.0899364 1.1746092 1.1710829 1 P 0
L 1.1746092 1.1710829 1.4628942 1.1710829 1 P 0
L 1.2610947 0.7383016 1.2610947 0.8194481 1 P 0
L 1.2610947 0.7383016 1.4052372 0.7383016 1 P 0
L 1.4052372 0.7383016 1.4052372 0.846497 1 P 0
L 1.4052372 0.846497 1.4917227 0.846497 1 P 0
L 1.4628942 1.1710829 1.4628942 1.3063271 1 P 0
L 1.4628942 2.1989385 1.4628942 2.3071338 1 P 0
L 1.4628942 2.3071338 1.6935223 2.3071338 1 P 0
L 1.4917227 0.846497 1.4917227 0.9276434 1 P 0
L 1.4917227 0.9276434 1.6646938 0.9276434 1 P 0
L 1.6358653 2.442378 1.6358653 2.7128663 1 P 0
L 1.6358653 2.442378 1.6935223 2.442378 1 P 0
L 1.6358653 2.7128663 1.7511793 2.7128663 1 P 0
L 1.6646938 0.9276434 1.6646938 1.0628876 1 P 0
L 1.6646938 1.0628876 1.7800078 1.0628876 1 P 0
L 1.6935223 2.3071338 1.6935223 2.442378 1 P 0
L 1.7511793 2.7128663 1.7511793 3.2267941 1 P 0
L 1.7511793 3.2267941 1.7800078 3.2267941 1 P 0
L 1.7800078 1.0628876 1.7800078 1.1710829 1 P 0
L 1.7800078 1.1710829 2.0971214 1.1710829 1 P 0
L 1.7800078 3.2267941 1.7800078 3.3349894 1 P 0
L 1.7800078 3.3349894 1.9529788 3.3349894 1 P 0
L 1.9529788 3.3349894 1.9529788 3.3620382 1 P 0
L 1.9529788 3.3620382 2.0971214 3.3620382 1 P 0
L 2.0971214 1.1710829 2.0971214 1.1981318 1 P 0
L 2.0971214 1.1981318 2.0971214 1.3333759 1 P 0
L 2.0971214 1.3333759 2.3565779 1.3333759 1 P 0
L 2.0971214 3.3079405 2.0971214 3.3620382 1 P 0
L 2.0971214 3.3079405 2.2124354 3.3079405 1 P 0
L 2.2124354 3.3079405 2.2124354 3.5243312 1 P 0
L 2.2124354 3.5243312 2.3565779 3.5243312 1 P 0
L 2.3565779 1.3333759 2.3565779 1.4415712 1 P 0
L 2.3565779 1.4415712 2.587206 1.4415712 1 P 0
L 2.3565779 3.5243312 2.3565779 3.6325265 1 P 0
L 2.3565779 3.6325265 2.529549 3.6325265 1 P 0
L 2.529549 2.3341826 2.529549 2.4964756 1 P 0
L 2.529549 2.3341826 2.70252 2.3341826 1 P 0
L 2.529549 2.4964756 2.6160345 2.4964756 1 P 0
L 2.529549 3.6325265 2.7313485 3.6325265 1 P 0
L 2.587206 1.4415712 2.587206 1.5497666 1 P 0
L 2.587206 1.5497666 2.70252 1.5497666 1 P 0
L 2.6160345 2.4964756 2.6160345 2.9563057 1 P 0
L 2.6160345 2.9563057 2.760177 2.9563057 1 P 0
L 2.70252 1.5497666 2.70252 1.6850107 1 P 0
L 2.70252 1.6850107 2.817834 1.6850107 1 P 0
L 2.70252 2.3341826 2.70252 2.4694268 1 P 0
L 2.70252 2.4694268 2.875491 2.4694268 1 P 0
L 2.7313485 3.6325265 2.7313485 3.6866242 1 P 0
L 2.7313485 3.6866242 2.933148 3.6866242 1 P 0
L 2.760177 2.9563057 2.760177 3.0915499 1 P 0
L 2.760177 3.0915499 2.8466625 3.0915499 1 P 0
L 2.817834 1.6850107 2.817834 1.8202549 1 P 0
L 2.817834 1.8202549 3.0196336 1.8202549 1 P 0
L 2.8466625 3.0915499 2.8466625 3.3349894 1 P 0
L 2.8466625 3.3349894 2.933148 3.3349894 1 P 0
L 2.875491 2.442378 2.875491 2.4694268 1 P 0
L 2.875491 2.442378 3.1061191 2.442378 1 P 0
L 2.933148 3.3349894 2.933148 3.6866242 1 P 0
L 3.0196336 1.8202549 3.0196336 1.8473037 1 P 0
L 3.0196336 1.8473037 3.1061191 1.8473037 1 P 0
L 3.1061191 1.8473037 3.1061191 1.8743525 1 P 0
L 3.1061191 1.8743525 3.1061191 1.9284502 1 P 0
L 3.1061191 1.9284502 3.1349476 1.9284502 1 P 0
L 3.1061191 2.442378 3.1061191 2.6046709 1 P 0
L 3.1061191 2.6046709 3.2502616 2.6046709 1 P 0
L 3.1349476 1.9284502 3.1349476 2.0095967 1 P 0
L 3.1349476 2.0095967 3.8844887 2.0095967 1 P 0
L 3.2502616 2.6046709 3.2502616 2.7128663 1 P 0
L 3.2502616 2.7128663 3.3655756 2.7128663 1 P 0
L 3.3655756 2.7128663 3.3655756 2.7940128 1 P 0
L 3.3655756 2.7940128 3.8556602 2.7940128 1 P 0
L 3.8556602 2.7940128 3.8844887 2.7940128 1 P 0
L 3.8844887 2.0095967 3.8844887 2.1448408 1 P 0
L 3.8844887 2.1448408 3.9709743 2.1448408 1 P 0
L 3.8844887 2.7128663 3.8844887 2.7940128 1 P 0
L 3.8844887 2.7128663 3.9709743 2.7128663 1 P 0
L 3.9709743 2.1448408 3.9709743 2.1718897 1 P 0
L 3.9709743 2.1718897 4.6052014 2.1718897 1 P 0
L 3.9709743 2.5776221 3.9709743 2.7128663 1 P 0
L 3.9709743 2.5776221 4.1439453 2.5776221 1 P 0
L 4.1439453 2.4964756 4.1439453 2.5776221 1 P 0
L 4.1439453 2.4964756 4.3745734 2.4964756 1 P 0
L 4.3745734 2.4153291 4.3745734 2.4964756 1 P 0
L 4.3745734 2.4153291 4.6052014 2.4153291 1 P 0
L 4.6052014 2.1718897 4.6052014 2.4153291 1 P 0
L 4.8 -0.2 4.8 3.8 0 P 0
